Score:
  default:
    PermutedMNIST: 0.743843
    SplitCIFAR100: 0.052928
    TinyImageNetSplit: 0.008572
  objective: max
  parameter_isolation:
    PermutedMNIST: 0.736103
    SplitCIFAR100: -0.043239
    TinyImageNetSplit: -0.017617
